[[0.10523311132254995, 0.09400570884871551, 0.07611798287345385, 0.06888677450047574, 0.0675547098001903, 0.06850618458610847, 0.058801141769743104, 0.05404376784015224, 0.056517602283539484, 0.04053282588011418, 0.07269267364414843, 0.059372026641294005, 0.049476688867745006, 0.045861084681255944, 0.0532825880114177, 0.029115128449096098], [0.1265135699373695, 0.09457202505219206, 0.060960334029227556, 0.06576200417536535, 0.056784968684759914, 0.05177453027139875, 0.061377870563674324, 0.06576200417536535, 0.06304801670146137, 0.0407098121085595, 0.081419624217119, 0.054697286012526096, 0.038622129436325675, 0.05511482254697286, 0.05511482254697286, 0.027766179540709812], [0.10512615138165798, 0.0855026031237485, 0.07729275130156188, 0.06868241890268321, 0.06788145774929916, 0.06888265919102923, 0.07689227072486984, 0.06768121746095314, 0.06627953544253104, 0.05186223468161794, 0.043251902282739285, 0.04185022026431718, 0.02803364036844213, 0.05847016419703644, 0.06027232679215058, 0.032038446135362435], [0.0975609756097561, 0.08502393435149305, 0.06154547526783679, 0.06519261454296786, 0.05881012081148849, 0.05972190563027126, 0.07248689309323, 0.07955322543879645, 0.07362662411670845, 0.04718486437200821, 0.04422156371096421, 0.03441987690904946, 0.027353544563483018, 0.07111921586505585, 0.08114884887166629, 0.041030316845224526], [0.1161402157164869, 0.09668721109399075, 0.08493836671802774, 0.08513097072419107, 0.07916024653312789, 0.07838983050847458, 0.05566255778120185, 0.0525808936825886, 0.056818181818181816, 0.03948382126348228, 0.06972265023112481, 0.04930662557781202, 0.04063944530046225, 0.03986902927580894, 0.03389830508474576, 0.02157164869029276], [0.12081193445830277, 0.11225238444607484, 0.07336757153338225, 0.07899241868427488, 0.07825874296894106, 0.0677427243824896, 0.061628760088041086, 0.05747126436781609, 0.05404744436292492, 0.04426510149180729, 0.0772805086818293, 0.044998777207141114, 0.030569821472242603, 0.04084128148691612, 0.03912937148447053, 0.018341892883345562], [0.10516853932584269, 0.0896629213483146, 0.08314606741573034, 0.08359550561797753, 0.08382022471910112, 0.0896629213483146, 0.07415730337078652, 0.07303370786516854, 0.06404494382022471, 0.06359550561797753, 0.04134831460674157, 0.029662921348314608, 0.021797752808988765, 0.036853932584269666, 0.040224719101123595, 0.020224719101123594], [0.1150983519404572, 0.09861775651249335, 0.07628920786815524, 0.07894736842105263, 0.06299840510366826, 0.06432748538011696, 0.07921318447634237, 0.0733652312599681, 0.0720361509835194, 0.052099946836788945, 0.04199893673577884, 0.02658160552897395, 0.018341307814992026, 0.06007442849548113, 0.050505050505050504, 0.029505582137161084], [0.11271036315323295, 0.09433126660761736, 0.054694419840566874, 0.05248007085916741, 0.05890168290522586, 0.0600088573959256, 0.06222320637732506, 0.0670947741364039, 0.06045172719220549, 0.029007971656333037, 0.11160318866253321, 0.05070859167404783, 0.037643932683790966, 0.06355181576616475, 0.07019486271036315, 0.014393268379096545], [0.10244897959183673, 0.10346938775510205, 0.0636734693877551, 0.06591836734693877, 0.07571428571428572, 0.07408163265306122, 0.05979591836734694, 0.06020408163265306, 0.05857142857142857, 0.030204081632653063, 0.08591836734693878, 0.05204081632653061, 0.04469387755102041, 0.05551020408163265, 0.0536734693877551, 0.014081632653061225], [0.11381431767337807, 0.10318791946308725, 0.05005592841163311, 0.04893736017897092, 0.05760626398210291, 0.04670022371364653, 0.07774049217002237, 0.07410514541387024, 0.07774049217002237, 0.024608501118568233, 0.06375838926174497, 0.036353467561521254, 0.025447427293064876, 0.09144295302013423, 0.08696868008948545, 0.021532438478747203], [0.09827456864216054, 0.1000250062515629, 0.06026506626656664, 0.05901475368842211, 0.06151537884471118, 0.07576894223555888, 0.0792698174543636, 0.07651912978244561, 0.06301575393848462, 0.03825956489122281, 0.06026506626656664, 0.033258314578644664, 0.023755938984746188, 0.08102025506376594, 0.06776694173543386, 0.022005501375343836], [0.11443187937533657, 0.11900915455035002, 0.06408185245018848, 0.06408185245018848, 0.07269789983844911, 0.07700592353257943, 0.07189014539579967, 0.05735056542810985, 0.06246634356488961, 0.028809908454496498, 0.08589122240172321, 0.03284868066774367, 0.024771136241249325, 0.06085083467959074, 0.05438879913839526, 0.00942380183091007], [0.10928571428571429, 0.10809523809523809, 0.08095238095238096, 0.08261904761904762, 0.09095238095238095, 0.09714285714285714, 0.05523809523809524, 0.05333333333333334, 0.06119047619047619, 0.03857142857142857, 0.06833333333333333, 0.03642857142857143, 0.029523809523809525, 0.03666666666666667, 0.039047619047619046, 0.012619047619047618], [0.11811023622047244, 0.1145311381531854, 0.06299212598425197, 0.06692913385826772, 0.06979241231209735, 0.06907659269863994, 0.07516105941302792, 0.07480314960629922, 0.0733715103793844, 0.03937007874015748, 0.047244094488188976, 0.024695776664280602, 0.01717967072297781, 0.06012884753042233, 0.06728704366499642, 0.019327129563350035], [0.10597609561752988, 0.09110225763612217, 0.06958831341301461, 0.07569721115537849, 0.08924302788844622, 0.08286852589641434, 0.07861885790172643, 0.06852589641434263, 0.06826029216467464, 0.05285524568393094, 0.0300132802124834, 0.023373173970783534, 0.018857901726427623, 0.06374501992031872, 0.05949535192563081, 0.021779548472775564], [0.04285714285714286, 0.03626373626373627, 0.028131868131868132, 0.034505494505494505, 0.027252747252747254, 0.03208791208791209, 0.09978021978021978, 0.1, 0.08637362637362637, 0.05582417582417582, 0.07824175824175825, 0.04923076923076923, 0.03912087912087912, 0.11274725274725275, 0.10351648351648352, 0.07406593406593406], [0.04029046615132349, 0.0346685406418365, 0.02600140548137737, 0.03373155305692199, 0.02881236823612087, 0.027406886858749122, 0.09276177090653549, 0.09018505504802062, 0.08807683298196299, 0.052939798547669246, 0.08550011712344811, 0.05949871164207074, 0.03911923167018037, 0.12040290466151324, 0.10986179433122512, 0.07074256266104474], [0.05242914979757085, 0.046153846153846156, 0.034817813765182185, 0.037044534412955465, 0.03643724696356275, 0.03684210526315789, 0.07591093117408906, 0.07105263157894737, 0.07246963562753037, 0.05020242914979757, 0.10445344129554655, 0.06842105263157895, 0.060121457489878544, 0.09412955465587045, 0.09109311740890688, 0.06842105263157895], [0.06331785563528915, 0.04833262980160405, 0.036091177712114814, 0.0297593921485859, 0.03376952300548755, 0.031658927817644573, 0.08780075981426762, 0.06943858168003376, 0.0740818910932883, 0.04432249894470241, 0.12009286618826509, 0.06606162937948501, 0.05740818910932883, 0.09181089067116927, 0.09265512874630646, 0.05339805825242718], [0.03596164091635589, 0.03063399041022909, 0.02770378263185935, 0.024773574853489612, 0.022376132125732553, 0.02797016515716569, 0.10069259456579649, 0.10309003729355354, 0.07884922749067662, 0.07858284496537027, 0.08630793819925413, 0.04635055940330314, 0.04448588172615876, 0.10388918486947256, 0.10735215769845498, 0.08098028769312733], [0.03398409255242227, 0.024584237165582067, 0.03109182935647144, 0.024945770065075923, 0.027838033261026754, 0.02566883586406363, 0.10014461315979754, 0.09761388286334056, 0.10086767895878525, 0.060014461315979754, 0.08423716558206797, 0.04772234273318872, 0.03434562545191613, 0.11135213304410702, 0.12328271872740419, 0.07230657989877079], [0.04602403477371516, 0.04448990028125799, 0.03733060598312452, 0.03656353873689593, 0.029404244438762463, 0.03400664791613398, 0.077218102787011, 0.07108156481718231, 0.06980311940680133, 0.05906417795960112, 0.10483252365124009, 0.07593965737663001, 0.06315520327282025, 0.09792891843518282, 0.09230375862950652, 0.06085400153413449], [0.05214305214305214, 0.056511056511056514, 0.036036036036036036, 0.03985803985803986, 0.030303030303030304, 0.03084903084903085, 0.0748020748020748, 0.07753207753207753, 0.07207207207207207, 0.050505050505050504, 0.1233961233961234, 0.06797706797706797, 0.05978705978705979, 0.088998088998089, 0.08435708435708436, 0.054873054873054876], [0.04648985959438377, 0.046177847113884556, 0.01185647425897036, 0.013728549141965678, 0.012168486739469579, 0.01497659906396256, 0.0876755070202808, 0.08611544461778471, 0.0811232449297972, 0.03962558502340094, 0.12074882995319813, 0.037753510140405615, 0.0343213728549142, 0.15413416536661467, 0.1482059282371295, 0.06489859594383775], [0.03175503260561384, 0.026651545222568754, 0.012475191380776865, 0.011341083073433513, 0.01701162461015027, 0.01956336830167281, 0.09498157074000567, 0.10490501842925999, 0.08732633966543805, 0.046498440601077405, 0.10859087042812589, 0.04394669690955486, 0.04451375106322654, 0.14431528210944145, 0.13977884888006806, 0.06634533597958606], [0.06708357021034679, 0.049744172825469016, 0.02131893121091529, 0.019329164297896533, 0.026151222285389426, 0.023308698123934053, 0.06708357021034679, 0.07106310403638431, 0.06822057987492894, 0.030130756111426946, 0.15463331438317227, 0.06168277430358158, 0.04405912450255827, 0.12393405343945424, 0.12393405343945424, 0.04832291074474133], [0.05094293411707078, 0.057065882929218714, 0.02620622091599314, 0.028655400440852314, 0.03232916972814107, 0.03330884153808474, 0.07494489346069066, 0.07151604212588783, 0.07225079598334558, 0.03771736468283125, 0.1364192995346559, 0.05633112907176096, 0.06000489835904972, 0.11364192995346559, 0.10286554004408523, 0.04579965711486652], [0.03721129170230967, 0.045337895637296836, 0.016253207869974338, 0.017964071856287425, 0.01924721984602224, 0.019674935842600515, 0.09153122326775022, 0.08982035928143713, 0.09238665526090675, 0.044054747647562016, 0.12489307100085544, 0.041060735671514116, 0.03721129170230967, 0.13344739093242086, 0.14157399486740804, 0.048331907613344736], [0.028846153846153848, 0.03994082840236687, 0.015532544378698224, 0.013313609467455622, 0.020340236686390532, 0.028846153846153848, 0.09763313609467456, 0.08986686390532544, 0.08653846153846154, 0.0602810650887574, 0.11908284023668639, 0.048446745562130175, 0.04437869822485207, 0.1261094674556213, 0.1224112426035503, 0.058431952662721894], [0.05292286406087859, 0.05534417156693186, 0.028363887928052577, 0.03113109650639917, 0.03459010722933241, 0.029747492217225873, 0.08267035627810446, 0.06952611553095815, 0.05707367692839848, 0.031476997578692496, 0.16776202006226218, 0.06157039086821169, 0.0574195780006918, 0.0975441023867174, 0.10273261847111725, 0.040124524386025595], [0.05816435432230523, 0.053628601921024546, 0.03708644610458912, 0.03868729989327641, 0.052294557097118465, 0.03868729989327641, 0.06776947705442903, 0.07097118463180363, 0.05896478121664888, 0.0416221985058698, 0.13207043756670225, 0.05896478121664888, 0.06856990394877267, 0.08911419423692636, 0.08724653148345785, 0.04615795090715048], [0.09521039363971301, 0.09424083769633508, 0.09016870273414776, 0.089586969168121, 0.08241225518712429, 0.09230172580957921, 0.06767500484777972, 0.05797944541400039, 0.0651541593949971, 0.0606942020554586, 0.05390731045181307, 0.029862323056040335, 0.02385107620709715, 0.03684312584836145, 0.04033352724452201, 0.01977894124490983], [0.10130796670630202, 0.09441141498216409, 0.08894173602853746, 0.0920332936979786, 0.08133174791914388, 0.07919143876337693, 0.07443519619500595, 0.0708680142687277, 0.06016646848989298, 0.06325802615933412, 0.05184304399524376, 0.023305588585017835, 0.023781212841854936, 0.038763376932223544, 0.04042806183115339, 0.015933412604042806], [0.0992765273311897, 0.08581189710610933, 0.08922829581993569, 0.08902733118971061, 0.07636655948553055, 0.07938102893890675, 0.08098874598070739, 0.0902331189710611, 0.08279742765273312, 0.06471061093247589, 0.029340836012861738, 0.02009646302250804, 0.013866559485530547, 0.039991961414791, 0.038987138263665594, 0.019895498392282957], [0.10325945241199479, 0.07770534550195567, 0.08526727509778358, 0.08057366362451109, 0.07561929595827901, 0.08005215123859191, 0.08813559322033898, 0.08552803129074316, 0.06883963494132986, 0.08057366362451109, 0.02998696219035202, 0.015906127770534552, 0.014080834419817471, 0.046153846153846156, 0.04485006518904824, 0.02346805736636245], [0.0971186440677966, 0.09033898305084746, 0.08, 0.08779661016949153, 0.0759322033898305, 0.07169491525423728, 0.06694915254237288, 0.07406779661016949, 0.06220338983050847, 0.050677966101694914, 0.06457627118644067, 0.039152542372881356, 0.03457627118644068, 0.04474576271186441, 0.04271186440677966, 0.017457627118644067], [0.10446160446160446, 0.0903045903045903, 0.07507507507507508, 0.07443157443157443, 0.07035607035607036, 0.06241956241956242, 0.0782925782925783, 0.07657657657657657, 0.06456456456456457, 0.05126555126555127, 0.06435006435006435, 0.03646503646503647, 0.03732303732303732, 0.05126555126555127, 0.04804804804804805, 0.014800514800514801], [0.08985351911396927, 0.08967488388710254, 0.07502679528403002, 0.07788495891389782, 0.06823865666309396, 0.07163272597356199, 0.08842443729903537, 0.0923544122901036, 0.08324401571989996, 0.06931046802429439, 0.03733476241514827, 0.02465166130760986, 0.023579849946409433, 0.04126473740621651, 0.04715969989281887, 0.020364415862808145], [0.10585141354372124, 0.08437431514354592, 0.07495069033530571, 0.07122507122507123, 0.0631163708086785, 0.0650887573964497, 0.09401709401709402, 0.08656585579662503, 0.07538899846592154, 0.06530791146175761, 0.03594126671049748, 0.022572868726714882, 0.023230330922638615, 0.05062458908612755, 0.0611439842209073, 0.020600482138943676], [0.09871977240398293, 0.08591749644381223, 0.08335704125177809, 0.08335704125177809, 0.0748221906116643, 0.07283072546230442, 0.07510668563300142, 0.07283072546230442, 0.061450924608819346, 0.0438122332859175, 0.04551920341394026, 0.026458036984352774, 0.030440967283072547, 0.06970128022759602, 0.060312944523470836, 0.015362731152204837], [0.09558466763706938, 0.09461426491994178, 0.08660844250363901, 0.0851528384279476, 0.08733624454148471, 0.08733624454148471, 0.06210577389616691, 0.06186317321688501, 0.06768558951965066, 0.043668122270742356, 0.050946142649199416, 0.026686074721009218, 0.03153808830664726, 0.050460941290635615, 0.04997573993207181, 0.018437651625424552], [0.10425450364124185, 0.09927175162897663, 0.0778075891146033, 0.06784208509007282, 0.07359141433499425, 0.07589114603296282, 0.07397470295132234, 0.08087389804522806, 0.06515906477577615, 0.04369490226140284, 0.0387121502491376, 0.014948256036795707, 0.014948256036795707, 0.07435799156765044, 0.07129168263702568, 0.0233806055960138], [0.09535020600353149, 0.09358446144791054, 0.07298410829899941, 0.06768687463213655, 0.0788699234844026, 0.08534432018834609, 0.06974690994702766, 0.06768687463213655, 0.07004120070629782, 0.06562683931724544, 0.03443201883460859, 0.017363154796939378, 0.017363154796939378, 0.07239552678045909, 0.0709240729841083, 0.020600353148911125], [0.09614309670206819, 0.106763555058692, 0.06092789267747345, 0.053381777529346, 0.0626048071548351, 0.06903297931805479, 0.06791503633314701, 0.07154835103409726, 0.06987143655673561, 0.04387926215762996, 0.06344326439351593, 0.03409726103968697, 0.03242034656232532, 0.07574063722750139, 0.07434320849636669, 0.017887087758524316], [0.09106382978723404, 0.09808510638297872, 0.07510638297872341, 0.06957446808510638, 0.08723404255319149, 0.07510638297872341, 0.07468085106382978, 0.062127659574468086, 0.07106382978723404, 0.04042553191489362, 0.062127659574468086, 0.029148936170212764, 0.02872340425531915, 0.06127659574468085, 0.0548936170212766, 0.019361702127659575], [0.0958904109589041, 0.10242839352428394, 0.06413449564134496, 0.057285180572851806, 0.07285180572851806, 0.06631382316313823, 0.07752179327521794, 0.08125778331257784, 0.07752179327521794, 0.046699875466998754, 0.03891656288916563, 0.020236612702366128, 0.019613947696139476, 0.07721046077210461, 0.07907845579078455, 0.02303860523038605], [0.08830251402451693, 0.08477041346353625, 0.06191564512777893, 0.07022646997714523, 0.07500519426553086, 0.06586328693122792, 0.08373156035736547, 0.08643257843340951, 0.07812175358404322, 0.0484105547475587, 0.030126740078952836, 0.020361520880947434, 0.017452732183669228, 0.07999168917515063, 0.08269270725119468, 0.026594639517972158], [0.033647718582717305, 0.024216161101198064, 0.029314300280397654, 0.034157532500637265, 0.03925567167983686, 0.03262809074687739, 0.08717817996431303, 0.10145296966607188, 0.09023706347183279, 0.09431557481519245, 0.06449146061687484, 0.036961509049197046, 0.03900076472087688, 0.12108080550599032, 0.11929645679327046, 0.05276574050471578], [0.03549757281553398, 0.025182038834951456, 0.034890776699029125, 0.03853155339805825, 0.03762135922330097, 0.03337378640776699, 0.09890776699029126, 0.10345873786407767, 0.08404126213592233, 0.10436893203883495, 0.06219660194174757, 0.03762135922330097, 0.03307038834951456, 0.11074029126213593, 0.11529126213592233, 0.04520631067961165], [0.031177291763610983, 0.036528617961842716, 0.03978594695207073, 0.04792926942764077, 0.04048394602140531, 0.04211261051651931, 0.09260120986505352, 0.08352722196370405, 0.07747789669613774, 0.07166123778501629, 0.07933922754769661, 0.04653327128897161, 0.05211726384364821, 0.10539785946952071, 0.09678920428106096, 0.056537924616100514], [0.051289653127779423, 0.040023717758671806, 0.04595315742662318, 0.043877853542840205, 0.043877853542840205, 0.03794841387488882, 0.08034390750074118, 0.07975096353394605, 0.07204269196560925, 0.08360509931811444, 0.07530388378298251, 0.05217906907797213, 0.051289653127779423, 0.10080047435517343, 0.09190631485324637, 0.04980729321079158], [0.029768467475192944, 0.02249173098125689, 0.022712238147739802, 0.026681367144432193, 0.024035281146637267, 0.026019845644983462, 0.09393605292171996, 0.09724366041896361, 0.09018743109151048, 0.07497243660418963, 0.07320837927232635, 0.03461962513781698, 0.03329658213891951, 0.13759647188533627, 0.14090407938257993, 0.07232635060639471], [0.03002040221509764, 0.024191197901486446, 0.020693675313319733, 0.02156805596036141, 0.02389973768580589, 0.0273972602739726, 0.09297580880209852, 0.08656368405712621, 0.0772369571553483, 0.06791023025357039, 0.0851063829787234, 0.032935004371903234, 0.02856310113669484, 0.1501020110754882, 0.15359953366365492, 0.0772369571553483], [0.03226504980511044, 0.034213945430922474, 0.032481593763533996, 0.030099610220874838, 0.030749242096145518, 0.03204850584668688, 0.07232568211346903, 0.0692940666955392, 0.06994369857080987, 0.05651797314854916, 0.10913815504547424, 0.057384148982243394, 0.052403637938501516, 0.1288436552620182, 0.12906019922044176, 0.06323083585967952], [0.041726965750120595, 0.03979739507959479, 0.03280270139893873, 0.03400868306801737, 0.027496382054992764, 0.028702363724071395, 0.08273034249879402, 0.0769416304872166, 0.07766521948866377, 0.0482392667631452, 0.10395561987457791, 0.054027978774722624, 0.046068499758803665, 0.1326579835986493, 0.12276893391220453, 0.050410033767486734], [0.03415061295971979, 0.024518388791593695, 0.012697022767075307, 0.02276707530647986, 0.019702276707530646, 0.014010507880910683, 0.09194395796847636, 0.10814360770577934, 0.09851138353765324, 0.08450087565674255, 0.09719789842381786, 0.037215411558669004, 0.040280210157618214, 0.1300350262697023, 0.13791593695271454, 0.046409807355516634], [0.027332361516034985, 0.029518950437317785, 0.02077259475218659, 0.016034985422740525, 0.016034985422740525, 0.021865889212827987, 0.10896501457725948, 0.09730320699708454, 0.09365889212827988, 0.08892128279883382, 0.08819241982507289, 0.03972303206997085, 0.045553935860058306, 0.1228134110787172, 0.13083090379008747, 0.052478134110787174], [0.04305135951661632, 0.04003021148036254, 0.0290785498489426, 0.02039274924471299, 0.029833836858006044, 0.03512084592145015, 0.07175226586102719, 0.08874622356495468, 0.08270392749244714, 0.06042296072507553, 0.12046827794561933, 0.03965256797583082, 0.052870090634441085, 0.11895770392749244, 0.131797583081571, 0.03512084592145015], [0.0345873786407767, 0.03398058252427184, 0.030036407766990292, 0.03246359223300971, 0.04095873786407767, 0.04217233009708738, 0.07554611650485436, 0.07675970873786407, 0.08131067961165049, 0.05764563106796117, 0.10254854368932038, 0.046723300970873786, 0.0591626213592233, 0.12226941747572816, 0.11802184466019418, 0.045813106796116505], [0.03218806509945751, 0.03146473779385172, 0.011211573236889693, 0.01735985533453888, 0.017721518987341773, 0.0162748643761302, 0.09837251356238698, 0.08607594936708861, 0.08462929475587704, 0.0484629294755877, 0.11139240506329114, 0.04484629294755877, 0.047739602169981916, 0.15551537070524413, 0.14466546112115733, 0.052079566003616636], [0.026516220028208744, 0.015796897038081806, 0.013540197461212976, 0.010437235543018336, 0.012411847672778562, 0.014386459802538786, 0.09478138222849083, 0.08575458392101551, 0.09788434414668547, 0.06629055007052186, 0.10550070521861778, 0.04851904090267983, 0.0538787023977433, 0.14301833568406205, 0.1540197461212976, 0.057263751763046544], [0.03701561596298438, 0.034991324465008675, 0.02573742047426258, 0.021399652978600348, 0.025448235974551765, 0.028629265471370735, 0.07547715442452285, 0.06940427993059572, 0.0803932909196067, 0.044534412955465584, 0.1434355118565645, 0.049161364950838636, 0.058126084441873914, 0.12810873337189127, 0.13504916136495085, 0.04308849045691151], [0.041084634346754315, 0.0390304026294166, 0.027732128184059162, 0.03019720624486442, 0.027937551355792935, 0.02978635990139688, 0.07723911257189811, 0.07210353327855382, 0.07908792111750206, 0.04663105998356615, 0.13599013968775678, 0.04806902218570255, 0.0628594905505341, 0.11668036154478226, 0.12161051766639278, 0.04396055875102712], [0.07107469512195122, 0.10118140243902439, 0.078125, 0.08860518292682927, 0.08003048780487805, 0.08517530487804878, 0.050114329268292686, 0.048208841463414635, 0.052972560975609755, 0.043254573170731704, 0.04382621951219512, 0.0663109756097561, 0.07983993902439024, 0.03277439024390244, 0.030678353658536585, 0.047827743902439025], [0.05905603348058591, 0.07695884677981865, 0.08091141594977912, 0.07858637526156707, 0.08974657056498489, 0.08370146477563357, 0.049290862590095325, 0.04719832597070449, 0.04696582190188328, 0.049058358521274124, 0.042083236456637994, 0.08137642408742153, 0.09346663566612416, 0.031853057428505, 0.026272959776796095, 0.06347361078818879], [0.07962529274004684, 0.09391100702576112, 0.08782201405152225, 0.09297423887587822, 0.08571428571428572, 0.09227166276346604, 0.04613583138173302, 0.04964871194379391, 0.0648711943793911, 0.05152224824355972, 0.027868852459016394, 0.041451990632318504, 0.05737704918032787, 0.033489461358313814, 0.03770491803278689, 0.05761124121779859], [0.06565028002489111, 0.09303049159925326, 0.08711885500933417, 0.09520846297448662, 0.09831985065339141, 0.10049782202862477, 0.040136901057871814, 0.040759178593652766, 0.05444928438083385, 0.0388923459863099, 0.02613565650280025, 0.049782202862476664, 0.05631611698817673, 0.038581207218419414, 0.03391412570006223, 0.08120721841941506], [0.0873320537428023, 0.09347408829174664, 0.10268714011516315, 0.10057581573896353, 0.10307101727447217, 0.09309021113243762, 0.04491362763915547, 0.042418426103646836, 0.036468330134357005, 0.0508637236084453, 0.03781190019193858, 0.05547024952015355, 0.06564299424184261, 0.025911708253358926, 0.023032629558541268, 0.03723608445297505], [0.0653061224489796, 0.08598639455782313, 0.1001360544217687, 0.09687074829931973, 0.11564625850340136, 0.11129251700680272, 0.04081632653061224, 0.03836734693877551, 0.04435374149659864, 0.058503401360544216, 0.032108843537414965, 0.05687074829931973, 0.07646258503401361, 0.020136054421768707, 0.0182312925170068, 0.03891156462585034], [0.0844585649986762, 0.1043155943870797, 0.10881652104845115, 0.11119936457505956, 0.11649457241196717, 0.09690230341540905, 0.046068308181096106, 0.03997881916865237, 0.05692348424675669, 0.06036536934074663, 0.024357956049774955, 0.03150648662960021, 0.04209690230341541, 0.021180831347630394, 0.019062748212867357, 0.03627217368281705], [0.0678949164107813, 0.08290685772773797, 0.11497782326850904, 0.10406004776526782, 0.11361310133060389, 0.11941316956670078, 0.037871033776867964, 0.04571818491982259, 0.04332992152848857, 0.06584783350392358, 0.02047082906857728, 0.04162401910610713, 0.05015353121801433, 0.021494370522006142, 0.018764926646195838, 0.05185943364039577], [0.06093121287602989, 0.07185284537267676, 0.09312128760298907, 0.09273807242766814, 0.07855911094079325, 0.08411573098294692, 0.041578846522322285, 0.043111707223606056, 0.04234527687296417, 0.054608162483234336, 0.04196206169764323, 0.0802835792297375, 0.09197164207702625, 0.027399885035447404, 0.02567541674650316, 0.06974516190841157], [0.08648916818256987, 0.08252025797916322, 0.08963122209360014, 0.0934347610385315, 0.07772449148338019, 0.07772449148338019, 0.04779229369935505, 0.04200429965272036, 0.04498098230527534, 0.052422688936662805, 0.0410120721018687, 0.06813295849181412, 0.07871671903423184, 0.027617000165371258, 0.02976682652554986, 0.06002976682652555], [0.06761929063536616, 0.06506761929063537, 0.08905332993110487, 0.09492217402398571, 0.09364633835162031, 0.09186016841030875, 0.046185251339627455, 0.044399081398315894, 0.049757591222250576, 0.06685378923194693, 0.023220209237050267, 0.05256442970145445, 0.06557795355958153, 0.03317172748150038, 0.033682061750446544, 0.0824189844348048], [0.07358490566037736, 0.08846960167714885, 0.08721174004192872, 0.09245283018867924, 0.08218029350104822, 0.08469601677148847, 0.05660377358490566, 0.050314465408805034, 0.05555555555555555, 0.0639412997903564, 0.029559748427672956, 0.04318658280922432, 0.04821802935010482, 0.03710691823899371, 0.03291404612159329, 0.0740041928721174], [0.07680657723929035, 0.07983556901774123, 0.11704889658156642, 0.1088273474686283, 0.0988749459108611, 0.10514928602336651, 0.03288619645175249, 0.04132410212029425, 0.04348766767633059, 0.0646906101254868, 0.022284725227174382, 0.05733448723496322, 0.07031588057118131, 0.01752488100389442, 0.016659454781479878, 0.04694937256598875], [0.08763751631549506, 0.0967741935483871, 0.1170986388215551, 0.11262353160544471, 0.09658773074771583, 0.10367331717322394, 0.048293865373857915, 0.04381875815774753, 0.0428864441543912, 0.050344956181241844, 0.02946112250606004, 0.049599104978556775, 0.044191683759090064, 0.019205668469140406, 0.018832742867797875, 0.03897072534029461], [0.08196721311475409, 0.08141150319533204, 0.11419838844123367, 0.11364267852181162, 0.10530702973048069, 0.11919977771603223, 0.041122534037232567, 0.04445679355376494, 0.050569602667407614, 0.07085301472631286, 0.013059183106418449, 0.025006946373992776, 0.028063350930814114, 0.02278410669630453, 0.02333981661572659, 0.06501806057238121], [0.08451010210732131, 0.09059309146208994, 0.10319356941125353, 0.11296980230284596, 0.09667608081685856, 0.10427981751031935, 0.050836411036280685, 0.05757114925048881, 0.058874646969367804, 0.06930262872039974, 0.014555724527482076, 0.02085596350206387, 0.028894199435150987, 0.02411470779926135, 0.026287203997393004, 0.05648490115142298], [0.048655182834693264, 0.05228165608945301, 0.04019341190692052, 0.0447265034753702, 0.0447265034753702, 0.03868238138410396, 0.055908129344212756, 0.047446358416440015, 0.06708975521305531, 0.06920519794499849, 0.07101843457237836, 0.10214566334239952, 0.10305228165608946, 0.047748564521003324, 0.04895738893925657, 0.11816258688425506], [0.03663129065388566, 0.05819924683327628, 0.03663129065388566, 0.038000684697021565, 0.040739472783293394, 0.04484765491270113, 0.05066757959602876, 0.04416295789113318, 0.058541595344060254, 0.06299212598425197, 0.06299212598425197, 0.1109209174940089, 0.12153372132831222, 0.04587470044505306, 0.04792879150975693, 0.13933584388907908], [0.054937076476282674, 0.04985479186834463, 0.045982575024201354, 0.03920619554695063, 0.046466602129719266, 0.04622458857696031, 0.048644724104549855, 0.05227492739593417, 0.06485963213939981, 0.05614714424007745, 0.07671829622458858, 0.11108422071636012, 0.11665053242981607, 0.04670861568247822, 0.0484027105517909, 0.09583736689254599], [0.042042889390519186, 0.051354401805869074, 0.04683972911963882, 0.0358352144469526, 0.051354401805869074, 0.04317155756207675, 0.04288939051918736, 0.05191873589164785, 0.058408577878103836, 0.05474040632054176, 0.08239277652370203, 0.1371331828442438, 0.13515801354401805, 0.0386568848758465, 0.03922121896162528, 0.08888261851015801], [0.030649926144756277, 0.04874446085672083, 0.03360413589364845, 0.045051698670605614, 0.03286558345642541, 0.039512555391432794, 0.06314623338257017, 0.06831610044313147, 0.0793943870014771, 0.07680945347119646, 0.05945347119645495, 0.103397341211226, 0.11410635155096012, 0.04874446085672083, 0.04062038404726736, 0.1155834564254062], [0.03595622720166754, 0.03647733194372069, 0.03751954142782699, 0.03647733194372069, 0.03595622720166754, 0.03647733194372069, 0.05002605523710266, 0.04950495049504951, 0.0781657113079729, 0.0880667014069828, 0.0573215216258468, 0.11099531005732152, 0.1266284523189161, 0.03699843668577384, 0.047420531526836895, 0.13600833767587284], [0.03420891875381796, 0.03726328649969456, 0.046120952962736717, 0.040623091020158826, 0.04581551618814905, 0.03879047037263286, 0.055589492974954184, 0.058338423946243126, 0.05497861942577886, 0.0794135613927917, 0.07422113622480146, 0.1148442272449603, 0.13683567501527183, 0.03909590714722053, 0.045510079413561395, 0.09835064141722663], [0.03836677226328757, 0.043646603308694125, 0.05315029919042591, 0.0454065469904963, 0.05174234424498416, 0.05455825413586765, 0.04083069341781063, 0.04259063709961281, 0.05526223160858852, 0.08236536430834214, 0.06546990496304118, 0.11122844068989793, 0.1495952129531855, 0.034494896163322776, 0.030623020063357972, 0.10066877859908482], [0.028328611898016998, 0.02895813660686182, 0.03808624488511174, 0.03619767075857727, 0.04123386842933585, 0.03997481901164621, 0.05602769908718917, 0.05067673906200818, 0.06200818382121498, 0.0739691532892666, 0.059175322631413285, 0.1249606547056972, 0.12653446647780925, 0.051621026125275415, 0.04406672961913755, 0.13818067359143846], [0.02306196165601556, 0.021672686857460405, 0.03473186996387886, 0.034176160044456796, 0.02861906085023618, 0.028063350930814114, 0.06557377049180328, 0.06557377049180328, 0.06557377049180328, 0.08002222839677688, 0.059183106418449566, 0.12197832731314254, 0.12058905251458739, 0.05473742706307307, 0.058627396499027505, 0.1378160600166713], [0.028172464478196962, 0.036256736893679566, 0.05022048015678589, 0.04850563449289564, 0.04654581087702107, 0.049730524252817244, 0.042871141597256246, 0.043606075453209214, 0.05242528172464478, 0.061734443900048994, 0.06320431161195493, 0.15090641842234198, 0.13939245467907888, 0.03723664870161685, 0.041156295933366, 0.10803527682508574], [0.04321257092972501, 0.05456132693147097, 0.05543430816237451, 0.05106940200785683, 0.04583151462243562, 0.046704495853339155, 0.04801396769969446, 0.04975993016150153, 0.05718027062418158, 0.05652553470100393, 0.07158446093408992, 0.1276735050196421, 0.1219991270187691, 0.03644696639022261, 0.038192928852029684, 0.09580969009166303], [0.0259009009009009, 0.021396396396396396, 0.04504504504504504, 0.037162162162162164, 0.04241741741741742, 0.033783783783783786, 0.06306306306306306, 0.06231231231231231, 0.06756756756756757, 0.0960960960960961, 0.06418918918918919, 0.10960960960960961, 0.13175675675675674, 0.04842342342342342, 0.042042042042042045, 0.10923423423423423], [0.025763358778625955, 0.02194656488549618, 0.03625954198473282, 0.037531806615776084, 0.03625954198473282, 0.029262086513994912, 0.06965648854961833, 0.07506361323155217, 0.07888040712468193, 0.09478371501272265, 0.05979643765903308, 0.11641221374045801, 0.11418575063613232, 0.04961832061068702, 0.046755725190839696, 0.10782442748091603], [0.03380205516495403, 0.03623580313683072, 0.052731206057328284, 0.055976203353163875, 0.05029745808545159, 0.043807463493780424, 0.05543537047052461, 0.05300162249864792, 0.046511627906976744, 0.07652785289345593, 0.06165494862087615, 0.1300703082747431, 0.14196863169280693, 0.03299080584099513, 0.03488372093023256, 0.09410492157923202], [0.04957627118644068, 0.05148305084745763, 0.05254237288135593, 0.05508474576271186, 0.050423728813559325, 0.05021186440677966, 0.053813559322033896, 0.04978813559322034, 0.05211864406779661, 0.07817796610169492, 0.06483050847457628, 0.1319915254237288, 0.12330508474576271, 0.03072033898305085, 0.02923728813559322, 0.07669491525423729], [0.05576793343827299, 0.070159658196537, 0.09534517652349898, 0.09512030582415111, 0.11558353946480773, 0.10591409939284911, 0.04025185518326962, 0.03935237238587812, 0.04834720035979312, 0.06746120980436249, 0.032381380706094, 0.052619743647402746, 0.057791769732403866, 0.0314818979087025, 0.03260625140544187, 0.05981560602653474], [0.04172461752433936, 0.06314325452016689, 0.10236439499304589, 0.09624478442280945, 0.12322670375521558, 0.1090403337969402, 0.032545201668984704, 0.03866481223922114, 0.04255910987482615, 0.07426981919332407, 0.031988873435326845, 0.05757997218358832, 0.07009735744089013, 0.028650904033379693, 0.02976356050069541, 0.05813630041724618], [0.0649487246910334, 0.0804627925322114, 0.10833552458585327, 0.1046542203523534, 0.11438338154088877, 0.11911648698396003, 0.04443860110439127, 0.040494346568498554, 0.054167762292926636, 0.08466999737049698, 0.018143570865106495, 0.026295030239284777, 0.03260583749671312, 0.028398632658427556, 0.028398632658427556, 0.05048645805942677], [0.058333333333333334, 0.07536231884057971, 0.10652173913043478, 0.10072463768115943, 0.12427536231884058, 0.12173913043478261, 0.036231884057971016, 0.03804347826086957, 0.042753623188405795, 0.08804347826086957, 0.02355072463768116, 0.03949275362318841, 0.04021739130434782, 0.02427536231884058, 0.028985507246376812, 0.05144927536231884], [0.05110359912507457, 0.07218134818055279, 0.09783257108769139, 0.09286140385762577, 0.09703718433088089, 0.09524756412805727, 0.04036587790813283, 0.040962417975740704, 0.040962417975740704, 0.06561940743686617, 0.0441439650029827, 0.06522171405846093, 0.07078942135613442, 0.034002783853648834, 0.03479817061045934, 0.056870153111950685], [0.044893672880021, 0.06064583880283539, 0.08821212916776057, 0.09740089262273563, 0.10422683118928852, 0.1005513258072985, 0.029929115253347335, 0.03045418745077448, 0.03938041480703597, 0.06458388028353898, 0.04121816749803098, 0.07981097400892623, 0.10002625360987136, 0.0312417957469152, 0.029141506957206617, 0.058283013914413234], [0.06279949558638083, 0.07994955863808323, 0.10315258511979823, 0.09684741488020177, 0.10895334174022699, 0.10239596469104666, 0.04539722572509458, 0.04237074401008827, 0.04867591424968474, 0.07213114754098361, 0.0287515762925599, 0.04085750315258512, 0.05245901639344262, 0.02849936948297604, 0.03228247162673392, 0.05447667087011349], [0.050293925538863485, 0.07184846505551927, 0.09470934030045722, 0.10026126714565643, 0.10287393860222077, 0.1038536903984324, 0.034617896799477466, 0.03494448073154801, 0.05649902024820379, 0.06988896146309602, 0.030045721750489876, 0.049640757674722404, 0.05519268451992162, 0.037230568256041804, 0.03298497713912475, 0.07511430437622468], [0.05268176400476758, 0.0629320619785459, 0.10464839094159714, 0.10226460071513707, 0.099880810488677, 0.09535160905840286, 0.03432657926102503, 0.03456495828367104, 0.03694874851013111, 0.07389749702026222, 0.025744934445768773, 0.060071513706793804, 0.062455303933253874, 0.037187127532777114, 0.034803337306317045, 0.08224076281287247], [0.060128429655575015, 0.06966335863008367, 0.1058571706557696, 0.10001945903872349, 0.10177077252383732, 0.0972951936174353, 0.03989102938314847, 0.04164234286826231, 0.03833430628526951, 0.06752286437050009, 0.03269118505545826, 0.04884218719595252, 0.053706946876824285, 0.03463708892780697, 0.036972173574625414, 0.07102549134072776], [0.053820993160868275, 0.06036277133511746, 0.11329170383586083, 0.09872137972048765, 0.10556051144811181, 0.104073743681237, 0.040440083258994945, 0.04698186143324413, 0.040440083258994945, 0.09961344038061255, 0.01873327386262266, 0.024977698483496878, 0.032114183764495985, 0.03687184061849539, 0.041629497472494795, 0.0823669342848647], [0.059120768064679134, 0.060131379484588174, 0.10636685194542699, 0.11268317331985851, 0.0997978777160182, 0.0977766548762001, 0.042193026781202625, 0.04421424962102072, 0.05027791814047499, 0.09525012632642749, 0.018948964123294592, 0.027791814047498736, 0.03335017685699848, 0.039666498231430015, 0.03360282971197574, 0.07882769075290551], [0.057293868921775896, 0.05560253699788584, 0.09090909090909091, 0.08710359408033827, 0.09090909090909091, 0.07716701902748414, 0.03615221987315011, 0.03699788583509514, 0.0412262156448203, 0.06723044397463002, 0.03995771670190275, 0.0758985200845666, 0.07441860465116279, 0.040380549682875265, 0.03742071881606766, 0.09133192389006342], [0.06254724111866969, 0.07086167800453515, 0.09863945578231292, 0.0982615268329554, 0.08522297808012094, 0.0835222978080121, 0.04251700680272109, 0.04572940287226002, 0.04780801209372638, 0.06273620559334846, 0.035903250188964474, 0.05876795162509448, 0.05650037792894936, 0.03439153439153439, 0.03798185941043084, 0.07860922146636433], [0.05880808611184038, 0.06957206615909688, 0.09398792333945917, 0.09635074822788134, 0.09110002625360987, 0.09530060383302705, 0.04804410606458388, 0.040955631399317405, 0.048306642163297456, 0.07613546862693621, 0.020740351798372275, 0.038067734313468105, 0.043055920189025994, 0.04778156996587031, 0.043318456287739567, 0.08847466526647414], [0.07124326481740172, 0.06725204549990021, 0.09539014168828577, 0.10377170225503891, 0.0888046298144083, 0.08601077629215725, 0.04769507084414289, 0.04809419277589304, 0.047295948912392735, 0.0816204350429056, 0.019756535621632407, 0.03232887647176212, 0.031530632608261826, 0.05368189982039513, 0.04450209539014169, 0.08102175214528039], [0.017675817976682964, 0.024445280180518992, 0.03422339225272659, 0.04475366679202708, 0.040240691989469723, 0.04475366679202708, 0.05979691613388492, 0.06318164723580294, 0.05678826626551335, 0.10229409552463332, 0.05866867243324558, 0.1053027453930049, 0.10191801429108688, 0.057540428732606244, 0.05904475366679203, 0.12937194433997742], [0.020686412787964268, 0.024917724494593323, 0.05124588622472966, 0.047014574518100614, 0.05077574047954866, 0.052656323460272686, 0.03620122237893747, 0.04278326281147156, 0.06064880112834979, 0.11001410437235543, 0.052656323460272686, 0.09637987776210626, 0.11753643629525153, 0.04842501175364363, 0.059708509637987774, 0.12834978843441466], [0.02478856809565471, 0.023622047244094488, 0.04432779235928842, 0.04257801108194809, 0.0510352872557597, 0.04957713619130942, 0.05307669874599009, 0.05482648002333042, 0.05890930300379119, 0.09303003791192768, 0.06561679790026247, 0.11344415281423155, 0.10761154855643044, 0.05715952172645086, 0.05336832895888014, 0.10702828813065034], [0.01575984990619137, 0.028893058161350845, 0.05966228893058161, 0.05290806754221388, 0.05778611632270169, 0.058161350844277676, 0.04277673545966229, 0.03827392120075047, 0.04427767354596623, 0.100187617260788, 0.061163227016885556, 0.10056285178236397, 0.1279549718574109, 0.049155722326454036, 0.04727954971857411, 0.11519699812382739], [0.016864459712679577, 0.022485946283572766, 0.029981261711430358, 0.030293566520924423, 0.03466583385384135, 0.030918176139912556, 0.048094940662086194, 0.05527795128044972, 0.06433479075577764, 0.09494066208619613, 0.06589631480324797, 0.10524672079950032, 0.10368519675202999, 0.07589006870705808, 0.07089319175515303, 0.15053091817613992], [0.015990639625585022, 0.023010920436817472, 0.02535101404056162, 0.0218408736349454, 0.02535101404056162, 0.0327613104524181, 0.041341653666146644, 0.0436817472698908, 0.055772230889235566, 0.0967238689547582, 0.059282371294851796, 0.12324492979719189, 0.1314